 SVX cage parameters:
   2.20000005    
  0.500000000      0.200000003    
   0.00000000    
           6
  -40.0000000      -26.5000000      -26.5000000       26.5000000       26.5000000       40.0000000    
   53.0000000       53.0000000       22.1478195       22.1478195       53.0000000       53.0000000    
   0.00000000       0.00000000       0.00000000    
 SVX barrel parameters:
           4
   2.63000011       5.19259977       11.7650003       16.6870003       1.14100003    
   0.00000000       0.00000000       0.00000000       0.00000000    
           4           4           5           6
  0.695999980      0.695999980       1.74500000       1.74500000    
   9.99999978E-03   9.99999978E-03   3.12500000E-02   3.12500000E-02
   2.83599997       2.83599997       3.18770003       3.18770003    
   1.89999994E-02   1.89999994E-02   0.00000000       0.00000000    
   1.99999996E-02   1.99999996E-02   0.00000000       0.00000000    
   26.7000008       13.6260004       17.0000000       12.0000000    
  -13.0000000      -12.9799995       0.00000000       0.00000000    
           2
           5           5
   0.00000000       180.000000    
           2
          10          10
   0.00000000       180.000000    
           2
           8           8
   0.00000000       180.000000    
           2
          12          12
   0.00000000       180.000000    
 SVX barrel sensor rotation matrices and translation vectors
           0           1           1           1
   1.56807172      -2.11140990       8.53800011    
  0.648119748      0.761538327      -3.15988530E-07
 -0.761538386      0.648119807      -1.16261113E-07
   0.00000000       0.00000000       1.00000000    
           0           1           1           2
   1.56807172      -2.11140990       2.84600019    
  0.648119748      0.761538327      -3.15988530E-07
 -0.761538386      0.648119807      -1.16261113E-07
   0.00000000       0.00000000       1.00000000    
           0           1           1           3
   1.56807172      -2.11140990      -2.84599972    
  0.648119748      0.761538327      -3.15988530E-07
 -0.761538386      0.648119807      -1.16261113E-07
   0.00000000       0.00000000       1.00000000    
           0           1           1           4
   1.56807172      -2.11140990      -8.53800011    
  0.648119748      0.761538327      -3.15988530E-07
 -0.761538386      0.648119807      -1.16261113E-07
   0.00000000       0.00000000       1.00000000    
           0           1           2           1
   2.34956694      -1.18170905       8.53800011    
  0.236838371      0.971549034      -2.89595050E-07
 -0.971549213      0.236838028      -3.47884317E-08
   0.00000000       0.00000000       1.00000000    
           0           1           2           2
   2.34956694      -1.18170905       2.84599996    
  0.236838371      0.971549034      -2.89595050E-07
 -0.971549213      0.236838028      -3.47884317E-08
   0.00000000       0.00000000       1.00000000    
           0           1           2           3
   2.34956694      -1.18170905      -2.84599996    
  0.236838371      0.971549034      -2.89595050E-07
 -0.971549213      0.236838028      -3.47884317E-08
   0.00000000       0.00000000       1.00000000    
           0           1           2           4
   2.34956694      -1.18170905      -8.53800011    
  0.236838371      0.971549034      -2.89595050E-07
 -0.971549213      0.236838028      -3.47884317E-08
   0.00000000       0.00000000       1.00000000    
           0           1           3           1
   2.62999988      -1.65309757E-08   8.53800011    
 -0.224951312      0.974370062      -2.29408585E-07
 -0.974370062     -0.224951208       2.61378190E-08
   0.00000000       0.00000000       1.00000000    
           0           1           3           2
   2.62999988      -1.65309757E-08   2.84599996    
 -0.224951312      0.974370062      -2.29408585E-07
 -0.974370062     -0.224951208       2.61378190E-08
   0.00000000       0.00000000       1.00000000    
           0           1           3           3
   2.62999988      -1.65309757E-08  -2.84599996    
 -0.224951312      0.974370062      -2.29408585E-07
 -0.974370062     -0.224951208       2.61378190E-08
   0.00000000       0.00000000       1.00000000    
           0           1           3           4
   2.62999988      -1.65309757E-08  -8.53800011    
 -0.224951312      0.974370062      -2.29408585E-07
 -0.974370062     -0.224951208       2.61378190E-08
   0.00000000       0.00000000       1.00000000    
           0           1           4           1
   2.34956646       1.18170905       8.53800011    
 -0.638768077      0.769399464      -1.48264419E-07
 -0.769399583     -0.638767838       5.35246940E-08
   0.00000000       0.00000000       1.00000000    
           0           1           4           2
   2.34956646       1.18170905       2.84599972    
 -0.638768077      0.769399464      -1.48264419E-07
 -0.769399583     -0.638767838       5.35246940E-08
   0.00000000       0.00000000       1.00000000    
           0           1           4           3
   2.34956646       1.18170905      -2.84600019    
 -0.638768077      0.769399464      -1.48264419E-07
 -0.769399583     -0.638767838       5.35246940E-08
   0.00000000       0.00000000       1.00000000    
           0           1           4           4
   2.34956646       1.18170905      -8.53800011    
 -0.638768077      0.769399464      -1.48264419E-07
 -0.769399583     -0.638767838       5.35246940E-08
   0.00000000       0.00000000       1.00000000    
           0           1           5           1
   1.56807101       2.11141014       8.53799915    
 -0.916362762      0.400349081      -6.34671551E-08
 -0.400348842     -0.916362703       4.15317203E-08
   0.00000000       0.00000000       1.00000000    
           0           1           5           2
   1.56807101       2.11141014       2.84599972    
 -0.916362762      0.400349081      -6.34671551E-08
 -0.400348842     -0.916362703       4.15317203E-08
   0.00000000       0.00000000       1.00000000    
           0           1           5           3
   1.56807101       2.11141014      -2.84600019    
 -0.916362762      0.400349081      -6.34671551E-08
 -0.400348842     -0.916362703       4.15317203E-08
   0.00000000       0.00000000       1.00000000    
           0           1           5           4
   1.56807101       2.11141014      -8.53800106    
 -0.916362762      0.400349081      -6.34671551E-08
 -0.400348842     -0.916362703       4.15317203E-08
   0.00000000       0.00000000       1.00000000    
           0           1           6           1
  -1.56807268       2.11141014      -8.53800011    
  0.916362643      0.400348991      -1.28954468E-07
  0.400349110     -0.916362703       1.11378419E-07
  -8.74227766E-08   0.00000000      -1.00000000    
           0           1           6           2
  -1.56807220       2.11141014      -2.84600019    
  0.916362643      0.400348991      -1.28954468E-07
  0.400349110     -0.916362703       1.11378419E-07
  -8.74227766E-08   0.00000000      -1.00000000    
           0           1           6           3
  -1.56807172       2.11141014       2.84599972    
  0.916362643      0.400348991      -1.28954468E-07
  0.400349110     -0.916362703       1.11378419E-07
  -8.74227766E-08   0.00000000      -1.00000000    
           0           1           6           4
  -1.56807125       2.11141014       8.53800011    
  0.916362643      0.400348991      -1.28954468E-07
  0.400349110     -0.916362703       1.11378419E-07
  -8.74227766E-08   0.00000000      -1.00000000    
           0           1           7           1
  -2.34956789       1.18170881      -8.53800011    
  0.638767719      0.769399524      -1.40947435E-07
  0.769399583     -0.638767898       2.65811213E-08
  -8.74227766E-08   0.00000000      -1.00000000    
           0           1           7           2
  -2.34956741       1.18170881      -2.84599996    
  0.638767719      0.769399524      -1.40947435E-07
  0.769399583     -0.638767898       2.65811213E-08
  -8.74227766E-08   0.00000000      -1.00000000    
           0           1           7           3
  -2.34956694       1.18170881       2.84599996    
  0.638767719      0.769399524      -1.40947435E-07
  0.769399583     -0.638767898       2.65811213E-08
  -8.74227766E-08   0.00000000      -1.00000000    
           0           1           7           4
  -2.34956646       1.18170881       8.53800011    
  0.638767719      0.769399524      -1.40947435E-07
  0.769399583     -0.638767898       2.65811213E-08
  -8.74227766E-08   0.00000000      -1.00000000    
           0           1           8           1
  -2.63000059      -3.69502231E-07  -8.53800011    
  0.224950910      0.974370062      -1.13560567E-07
  0.974370062     -0.224951133      -5.45630243E-08
  -8.74227766E-08   0.00000000      -1.00000000    
           0           1           8           2
  -2.63000011      -3.69502231E-07  -2.84599996    
  0.224950910      0.974370062      -1.13560567E-07
  0.974370062     -0.224951133      -5.45630243E-08
  -8.74227766E-08   0.00000000      -1.00000000    
           0           1           8           3
  -2.62999964      -3.69502231E-07   2.84599996    
  0.224950910      0.974370062      -1.13560567E-07
  0.974370062     -0.224951133      -5.45630243E-08
  -8.74227766E-08   0.00000000      -1.00000000    
           0           1           8           4
  -2.62999916      -3.69502231E-07   8.53800011    
  0.224950910      0.974370062      -1.13560567E-07
  0.974370062     -0.224951133      -5.45630243E-08
  -8.74227766E-08   0.00000000      -1.00000000    
           0           1           9           1
  -2.34956717      -1.18170941      -8.53800011    
 -0.236838207      0.971549153      -5.26343342E-08
  0.971549094      0.236837998      -1.14749447E-07
  -8.74227766E-08   0.00000000      -1.00000000    
           0           1           9           2
  -2.34956670      -1.18170941      -2.84599972    
 -0.236838207      0.971549153      -5.26343342E-08
  0.971549094      0.236837998      -1.14749447E-07
  -8.74227766E-08   0.00000000      -1.00000000    
           0           1           9           3
  -2.34956622      -1.18170941       2.84600019    
 -0.236838207      0.971549153      -5.26343342E-08
  0.971549094      0.236837998      -1.14749447E-07
  -8.74227766E-08   0.00000000      -1.00000000    
           0           1           9           4
  -2.34956574      -1.18170941       8.53800011    
 -0.236838207      0.971549153      -5.26343342E-08
  0.971549094      0.236837998      -1.14749447E-07
  -8.74227766E-08   0.00000000      -1.00000000    
           0           1          10           1
  -1.56807268      -2.11140943      -8.53799915    
 -0.648119926      0.761538386       2.88383397E-08
  0.761538267      0.648119688      -1.41142920E-07
  -8.74227766E-08   0.00000000      -1.00000000    
           0           1          10           2
  -1.56807220      -2.11140943      -2.84599972    
 -0.648119926      0.761538386       2.88383397E-08
  0.761538267      0.648119688      -1.41142920E-07
  -8.74227766E-08   0.00000000      -1.00000000    
           0           1          10           3
  -1.56807172      -2.11140943       2.84600019    
 -0.648119926      0.761538386       2.88383397E-08
  0.761538267      0.648119688      -1.41142920E-07
  -8.74227766E-08   0.00000000      -1.00000000    
           0           1          10           4
  -1.56807125      -2.11140943       8.53800106    
 -0.648119926      0.761538386       2.88383397E-08
  0.761538267      0.648119688      -1.41142920E-07
  -8.74227766E-08   0.00000000      -1.00000000    
           0           2           1           1
   2.49225760      -4.55540895       8.53800011    
  0.747067571      0.664748013      -3.16271439E-07
 -0.664748192      0.747067690      -1.41929064E-07
   0.00000000       0.00000000       1.00000000    
           0           2           1           2
   2.49225760      -4.55540895       2.84600043    
  0.747067571      0.664748013      -3.16271439E-07
 -0.664748192      0.747067690      -1.41929064E-07
   0.00000000       0.00000000       1.00000000    
           0           2           1           3
   2.49225760      -4.55540895      -2.84599948    
  0.747067571      0.664748013      -3.16271439E-07
 -0.664748192      0.747067690      -1.41929064E-07
   0.00000000       0.00000000       1.00000000    
           0           2           1           4
   2.49225760      -4.55540895      -8.53800011    
  0.747067571      0.664748013      -3.16271439E-07
 -0.664748192      0.747067690      -1.41929064E-07
   0.00000000       0.00000000       1.00000000    
           0           2           2           1
   3.49528861      -3.84005928       8.53800011    
  0.569437146      0.822034776      -3.13603692E-07
 -0.822034776      0.569437206      -9.80099983E-08
   0.00000000       0.00000000       1.00000000    
           0           2           2           2
   3.49528861      -3.84005928       2.84600019    
  0.569437146      0.822034776      -3.13603692E-07
 -0.822034776      0.569437206      -9.80099983E-08
   0.00000000       0.00000000       1.00000000    
           0           2           2           3
   3.49528861      -3.84005928      -2.84599972    
  0.569437146      0.822034776      -3.13603692E-07
 -0.822034776      0.569437206      -9.80099983E-08
   0.00000000       0.00000000       1.00000000    
           0           2           2           4
   3.49528861      -3.84005928      -8.53800011    
  0.569437146      0.822034776      -3.13603692E-07
 -0.822034776      0.569437206      -9.80099983E-08
   0.00000000       0.00000000       1.00000000    
           0           2           3           1
   4.30156422      -2.90854621       8.53800011    
  0.359752655      0.933047652      -3.00664482E-07
 -0.933047771      0.359752566      -5.59555815E-08
   0.00000000       0.00000000       1.00000000    
           0           2           3           2
   4.30156422      -2.90854621       2.84599996    
  0.359752655      0.933047652      -3.00664482E-07
 -0.933047771      0.359752566      -5.59555815E-08
   0.00000000       0.00000000       1.00000000    
           0           2           3           3
   4.30156422      -2.90854621      -2.84599996    
  0.359752655      0.933047652      -3.00664482E-07
 -0.933047771      0.359752566      -5.59555815E-08
   0.00000000       0.00000000       1.00000000    
           0           2           3           4
   4.30156422      -2.90854621      -8.53800011    
  0.359752655      0.933047652      -3.00664482E-07
 -0.933047771      0.359752566      -5.59555815E-08
   0.00000000       0.00000000       1.00000000    
           0           2           4           1
   4.86569786      -1.81330705       8.53800011    
  0.129816636      0.991537988      -2.78182085E-07
 -0.991537988      0.129816756      -1.81330684E-08
   0.00000000       0.00000000       1.00000000    
           0           2           4           2
   4.86569786      -1.81330705       2.84599972    
  0.129816636      0.991537988      -2.78182085E-07
 -0.991537988      0.129816756      -1.81330684E-08
   0.00000000       0.00000000       1.00000000    
           0           2           4           3
   4.86569786      -1.81330705      -2.84600019    
  0.129816636      0.991537988      -2.78182085E-07
 -0.991537988      0.129816756      -1.81330684E-08
   0.00000000       0.00000000       1.00000000    
           0           2           4           4
   4.86569786      -1.81330705      -8.53800011    
  0.129816636      0.991537988      -2.78182085E-07
 -0.991537988      0.129816756      -1.81330684E-08
   0.00000000       0.00000000       1.00000000    
           0           2           5           1
   5.15593290     -0.615993738       8.53799915    
 -0.107426949      0.994212985      -2.47422122E-07
 -0.994213045     -0.107426599       1.33284281E-08
   0.00000000       0.00000000       1.00000000    
           0           2           5           2
   5.15593290     -0.615993738       2.84599948    
 -0.107426949      0.994212985      -2.47422122E-07
 -0.994213045     -0.107426599       1.33284281E-08
   0.00000000       0.00000000       1.00000000    
           0           2           5           3
   5.15593290     -0.615993738      -2.84600043    
 -0.107426949      0.994212985      -2.47422122E-07
 -0.994213045     -0.107426599       1.33284281E-08
   0.00000000       0.00000000       1.00000000    
           0           2           5           4
   5.15593290     -0.615993738      -8.53800106    
 -0.107426949      0.994212985      -2.47422122E-07
 -0.994213045     -0.107426599       1.33284281E-08
   0.00000000       0.00000000       1.00000000    
           0           2           6           1
   5.15593290      0.615994930       8.53799915    
 -0.338622868      0.940922201      -2.10116212E-07
 -0.940922081     -0.338622928       3.66579158E-08
   0.00000000       0.00000000       1.00000000    
           0           2           6           2
   5.15593290      0.615994930       2.84599948    
 -0.338622868      0.940922201      -2.10116212E-07
 -0.940922081     -0.338622928       3.66579158E-08
   0.00000000       0.00000000       1.00000000    
           0           2           6           3
   5.15593290      0.615994930      -2.84600043    
 -0.338622868      0.940922201      -2.10116212E-07
 -0.940922081     -0.338622928       3.66579158E-08
   0.00000000       0.00000000       1.00000000    
           0           2           6           4
   5.15593290      0.615994930      -8.53800106    
 -0.338622868      0.940922201      -2.10116212E-07
 -0.940922081     -0.338622928       3.66579158E-08
   0.00000000       0.00000000       1.00000000    
           0           2           7           1
   4.86569643       1.81330836       8.53799915    
 -0.550757587      0.834665298      -1.68364181E-07
 -0.834665298     -0.550757527       5.05420914E-08
   0.00000000       0.00000000       1.00000000    
           0           2           7           2
   4.86569643       1.81330836       2.84599924    
 -0.550757587      0.834665298      -1.68364181E-07
 -0.834665298     -0.550757527       5.05420914E-08
   0.00000000       0.00000000       1.00000000    
           0           2           7           3
   4.86569643       1.81330836      -2.84600067    
 -0.550757587      0.834665298      -1.68364181E-07
 -0.834665298     -0.550757527       5.05420914E-08
   0.00000000       0.00000000       1.00000000    
           0           2           7           4
   4.86569643       1.81330836      -8.53800106    
 -0.550757587      0.834665298      -1.68364181E-07
 -0.834665298     -0.550757527       5.05420914E-08
   0.00000000       0.00000000       1.00000000    
           0           2           8           1
   4.30156231       2.90854740       8.53799915    
 -0.731888890      0.681424022      -1.24516504E-07
 -0.681423664     -0.731888950       5.41994183E-08
   0.00000000       0.00000000       1.00000000    
           0           2           8           2
   4.30156231       2.90854740       2.84599924    
 -0.731888890      0.681424022      -1.24516504E-07
 -0.681423664     -0.731888950       5.41994183E-08
   0.00000000       0.00000000       1.00000000    
           0           2           8           3
   4.30156231       2.90854740      -2.84600067    
 -0.731888890      0.681424022      -1.24516504E-07
 -0.681423664     -0.731888950       5.41994183E-08
   0.00000000       0.00000000       1.00000000    
           0           2           8           4
   4.30156231       2.90854740      -8.53800106    
 -0.731888890      0.681424022      -1.24516504E-07
 -0.681423664     -0.731888950       5.41994183E-08
   0.00000000       0.00000000       1.00000000    
           0           2           9           1
   3.49528670       3.84006047       8.53799915    
 -0.871821404      0.489823997      -8.10412644E-08
 -0.489823699     -0.871821404       4.74240522E-08
   0.00000000       0.00000000       1.00000000    
           0           2           9           2
   3.49528670       3.84006047       2.84599924    
 -0.871821404      0.489823997      -8.10412644E-08
 -0.489823699     -0.871821404       4.74240522E-08
   0.00000000       0.00000000       1.00000000    
           0           2           9           3
   3.49528670       3.84006047      -2.84600067    
 -0.871821404      0.489823997      -8.10412644E-08
 -0.489823699     -0.871821404       4.74240522E-08
   0.00000000       0.00000000       1.00000000    
           0           2           9           4
   3.49528670       3.84006047      -8.53800106    
 -0.871821404      0.489823997      -8.10412644E-08
 -0.489823699     -0.871821404       4.74240522E-08
   0.00000000       0.00000000       1.00000000    
           0           2          10           1
   2.49225545       4.55540895       8.53799915    
 -0.962677598      0.270650953      -4.03858351E-08
 -0.270650834     -0.962677538       3.05973415E-08
   0.00000000       0.00000000       1.00000000    
           0           2          10           2
   2.49225545       4.55540895       2.84599924    
 -0.962677598      0.270650953      -4.03858351E-08
 -0.270650834     -0.962677538       3.05973415E-08
   0.00000000       0.00000000       1.00000000    
           0           2          10           3
   2.49225545       4.55540895      -2.84600067    
 -0.962677598      0.270650953      -4.03858351E-08
 -0.270650834     -0.962677538       3.05973415E-08
   0.00000000       0.00000000       1.00000000    
           0           2          10           4
   2.49225545       4.55540895      -8.53800106    
 -0.962677598      0.270650953      -4.03858351E-08
 -0.270650834     -0.962677538       3.05973415E-08
   0.00000000       0.00000000       1.00000000    
           0           2          11           1
  -2.49225807       4.55540895      -8.53800011    
  0.962677538      0.270650834      -1.18020075E-07
  0.270651013     -0.962677538       1.34459725E-07
  -8.74227766E-08   0.00000000      -1.00000000    
           0           2          11           2
  -2.49225760       4.55540895      -2.84600043    
  0.962677538      0.270650834      -1.18020075E-07
  0.270651013     -0.962677538       1.34459725E-07
  -8.74227766E-08   0.00000000      -1.00000000    
           0           2          11           3
  -2.49225712       4.55540895       2.84599948    
  0.962677538      0.270650834      -1.18020075E-07
  0.270651013     -0.962677538       1.34459725E-07
  -8.74227766E-08   0.00000000      -1.00000000    
           0           2          11           4
  -2.49225664       4.55540895       8.53800011    
  0.962677538      0.270650834      -1.18020075E-07
  0.270651013     -0.962677538       1.34459725E-07
  -8.74227766E-08   0.00000000      -1.00000000    
           0           2          12           1
  -3.49528861       3.84006000      -8.53800011    
  0.871821404      0.489823788      -1.34846800E-07
  0.489823848     -0.871821463       9.38043456E-08
  -8.74227766E-08   0.00000000      -1.00000000    
           0           2          12           2
  -3.49528813       3.84006000      -2.84600019    
  0.871821404      0.489823788      -1.34846800E-07
  0.489823848     -0.871821463       9.38043456E-08
  -8.74227766E-08   0.00000000      -1.00000000    
           0           2          12           3
  -3.49528766       3.84006000       2.84599972    
  0.871821404      0.489823788      -1.34846800E-07
  0.489823848     -0.871821463       9.38043456E-08
  -8.74227766E-08   0.00000000      -1.00000000    
           0           2          12           4
  -3.49528718       3.84006000       8.53800011    
  0.871821404      0.489823788      -1.34846800E-07
  0.489823848     -0.871821463       9.38043456E-08
  -8.74227766E-08   0.00000000      -1.00000000    
           0           2          13           1
  -4.30156422       2.90854764      -8.53800011    
  0.731889069      0.681423724      -1.41622195E-07
  0.681423724     -0.731889129       5.03291453E-08
  -8.74227766E-08   0.00000000      -1.00000000    
           0           2          13           2
  -4.30156326       2.90854764      -2.84599996    
  0.731889069      0.681423724      -1.41622195E-07
  0.681423724     -0.731889129       5.03291453E-08
  -8.74227766E-08   0.00000000      -1.00000000    
           0           2          13           3
  -4.30156279       2.90854764       2.84599996    
  0.731889069      0.681423724      -1.41622195E-07
  0.681423724     -0.731889129       5.03291453E-08
  -8.74227766E-08   0.00000000      -1.00000000    
           0           2          13           4
  -4.30156231       2.90854764       8.53800011    
  0.731889069      0.681423724      -1.41622195E-07
  0.681423724     -0.731889129       5.03291453E-08
  -8.74227766E-08   0.00000000      -1.00000000    
           0           2          14           1
  -4.86569738       1.81330931      -8.53800011    
  0.550757468      0.834665239      -1.37964861E-07
  0.834665298     -0.550757706       6.48140741E-09
  -8.74227766E-08   0.00000000      -1.00000000    
           0           2          14           2
  -4.86569691       1.81330931      -2.84599972    
  0.550757468      0.834665239      -1.37964861E-07
  0.834665298     -0.550757706       6.48140741E-09
  -8.74227766E-08   0.00000000      -1.00000000    
           0           2          14           3
  -4.86569643       1.81330931       2.84600019    
  0.550757468      0.834665239      -1.37964861E-07
  0.834665298     -0.550757706       6.48140741E-09
  -8.74227766E-08   0.00000000      -1.00000000    
           0           2          14           4
  -4.86569595       1.81330931       8.53800011    
  0.550757468      0.834665239      -1.37964861E-07
  0.834665298     -0.550757706       6.48140741E-09
  -8.74227766E-08   0.00000000      -1.00000000    
           0           2          15           1
  -5.15593338      0.615996540      -8.53799915    
  0.338622808      0.940922141      -1.24080657E-07
  0.940922201     -0.338623017      -3.52705953E-08
  -8.74227766E-08   0.00000000      -1.00000000    
           0           2          15           2
  -5.15593290      0.615996540      -2.84599972    
  0.338622808      0.940922141      -1.24080657E-07
  0.940922201     -0.338623017      -3.52705953E-08
  -8.74227766E-08   0.00000000      -1.00000000    
           0           2          15           3
  -5.15593243      0.615996540       2.84600019    
  0.338622808      0.940922141      -1.24080657E-07
  0.940922201     -0.338623017      -3.52705953E-08
  -8.74227766E-08   0.00000000      -1.00000000    
           0           2          15           4
  -5.15593195      0.615996540       8.53800106    
  0.338622808      0.940922141      -1.24080657E-07
  0.940922201     -0.338623017      -3.52705953E-08
  -8.74227766E-08   0.00000000      -1.00000000    
           0           2          16           1
  -5.15593386     -0.615991592      -8.53799915    
  0.107426666      0.994212985      -1.00751215E-07
  0.994212985     -0.107426837      -7.25765616E-08
  -8.74227766E-08   0.00000000      -1.00000000    
           0           2          16           2
  -5.15593338     -0.615991592      -2.84599948    
  0.107426666      0.994212985      -1.00751215E-07
  0.994212985     -0.107426837      -7.25765616E-08
  -8.74227766E-08   0.00000000      -1.00000000    
           0           2          16           3
  -5.15593290     -0.615991592       2.84600043    
  0.107426666      0.994212985      -1.00751215E-07
  0.994212985     -0.107426837      -7.25765616E-08
  -8.74227766E-08   0.00000000      -1.00000000    
           0           2          16           4
  -5.15593243     -0.615991592       8.53800106    
  0.107426666      0.994212985      -1.00751215E-07
  0.994212985     -0.107426837      -7.25765616E-08
  -8.74227766E-08   0.00000000      -1.00000000    
           0           2          17           1
  -4.86569834      -1.81330466      -8.53799915    
 -0.129816815      0.991537988      -6.92897117E-08
  0.991537988      0.129816592      -1.03336511E-07
  -8.74227766E-08   0.00000000      -1.00000000    
           0           2          17           2
  -4.86569786      -1.81330466      -2.84599924    
 -0.129816815      0.991537988      -6.92897117E-08
  0.991537988      0.129816592      -1.03336511E-07
  -8.74227766E-08   0.00000000      -1.00000000    
           0           2          17           3
  -4.86569738      -1.81330466       2.84600067    
 -0.129816815      0.991537988      -6.92897117E-08
  0.991537988      0.129816592      -1.03336511E-07
  -8.74227766E-08   0.00000000      -1.00000000    
           0           2          17           4
  -4.86569691      -1.81330466       8.53800106    
 -0.129816815      0.991537988      -6.92897117E-08
  0.991537988      0.129816592      -1.03336511E-07
  -8.74227766E-08   0.00000000      -1.00000000    
           0           2          18           1
  -4.30156565      -2.90854383      -8.53799915    
 -0.359752685      0.933047712      -3.14671880E-08
  0.933047712      0.359752476      -1.25818872E-07
  -8.74227766E-08   0.00000000      -1.00000000    
           0           2          18           2
  -4.30156517      -2.90854383      -2.84599924    
 -0.359752685      0.933047712      -3.14671880E-08
  0.933047712      0.359752476      -1.25818872E-07
  -8.74227766E-08   0.00000000      -1.00000000    
           0           2          18           3
  -4.30156469      -2.90854383       2.84600067    
 -0.359752685      0.933047712      -3.14671880E-08
  0.933047712      0.359752476      -1.25818872E-07
  -8.74227766E-08   0.00000000      -1.00000000    
           0           2          18           4
  -4.30156422      -2.90854383       8.53800106    
 -0.359752685      0.933047712      -3.14671880E-08
  0.933047712      0.359752476      -1.25818872E-07
  -8.74227766E-08   0.00000000      -1.00000000    
           0           2          19           1
  -3.49529123      -3.84005666      -8.53799915    
 -0.569437504      0.822034717       1.05872502E-08
  0.822034657      0.569437146      -1.38758111E-07
  -8.74227766E-08   0.00000000      -1.00000000    
           0           2          19           2
  -3.49529052      -3.84005666      -2.84599924    
 -0.569437504      0.822034717       1.05872502E-08
  0.822034657      0.569437146      -1.38758111E-07
  -8.74227766E-08   0.00000000      -1.00000000    
           0           2          19           3
  -3.49529004      -3.84005666       2.84600067    
 -0.569437504      0.822034717       1.05872502E-08
  0.822034657      0.569437146      -1.38758111E-07
  -8.74227766E-08   0.00000000      -1.00000000    
           0           2          19           4
  -3.49528956      -3.84005666       8.53800106    
 -0.569437504      0.822034717       1.05872502E-08
  0.822034657      0.569437146      -1.38758111E-07
  -8.74227766E-08   0.00000000      -1.00000000    
           0           2          20           1
  -2.49226213      -4.55540562      -8.53799915    
 -0.747067809      0.664747894       5.45063337E-08
  0.664747953      0.747067690      -1.41425858E-07
  -8.74227766E-08   0.00000000      -1.00000000    
           0           2          20           2
  -2.49226165      -4.55540562      -2.84599924    
 -0.747067809      0.664747894       5.45063337E-08
  0.664747953      0.747067690      -1.41425858E-07
  -8.74227766E-08   0.00000000      -1.00000000    
           0           2          20           3
  -2.49226117      -4.55540562       2.84600067    
 -0.747067809      0.664747894       5.45063337E-08
  0.664747953      0.747067690      -1.41425858E-07
  -8.74227766E-08   0.00000000      -1.00000000    
           0           2          20           4
  -2.49226069      -4.55540562       8.53800106    
 -0.747067809      0.664747894       5.45063337E-08
  0.664747953      0.747067690      -1.41425858E-07
  -8.74227766E-08   0.00000000      -1.00000000    
           0           3           1           1
   5.63001013      -10.3304520       12.7508011    
 -0.878066540     -0.478538483       3.09031435E-07
 -0.478538632      0.878066540       7.87423815E-08
  -8.74227766E-08   0.00000000      -1.00000000    
           0           3           1           2
   5.63000965      -10.3304520       6.37540054    
 -0.878066540     -0.478538483       3.09031435E-07
 -0.478538632      0.878066540       7.87423815E-08
  -8.74227766E-08   0.00000000      -1.00000000    
           0           3           1           3
   5.63000870      -10.3304520       6.35462357E-07
 -0.878066540     -0.478538483       3.09031435E-07
 -0.478538632      0.878066540       7.87423815E-08
  -8.74227766E-08   0.00000000      -1.00000000    
           0           3           1           4
   5.63000822      -10.3304520      -6.37539959    
 -0.878066540     -0.478538483       3.09031435E-07
 -0.478538632      0.878066540       7.87423815E-08
  -8.74227766E-08   0.00000000      -1.00000000    
           0           3           1           5
   5.63000774      -10.3304520      -12.7507992    
 -0.878066540     -0.478538483       3.09031435E-07
 -0.478538632      0.878066540       7.87423815E-08
  -8.74227766E-08   0.00000000      -1.00000000    
           0           3           2           1
   7.55066967      -7.13282585       12.7508001    
 -0.686706841     -0.726934314       3.16510835E-07
 -0.726934493      0.686706960       1.36409355E-07
  -8.74227766E-08   0.00000000      -1.00000000    
           0           3           2           2
   7.55066872      -7.13282585       6.37540007    
 -0.686706841     -0.726934314       3.16510835E-07
 -0.726934493      0.686706960       1.36409355E-07
  -8.74227766E-08   0.00000000      -1.00000000    
           0           3           2           3
   7.55066824      -7.13282585      -3.57198715E-08
 -0.686706841     -0.726934314       3.16510835E-07
 -0.726934493      0.686706960       1.36409355E-07
  -8.74227766E-08   0.00000000      -1.00000000    
           0           3           2           4
   7.55066776      -7.13282585      -6.37540007    
 -0.686706841     -0.726934314       3.16510835E-07
 -0.726934493      0.686706960       1.36409355E-07
  -8.74227766E-08   0.00000000      -1.00000000    
           0           3           2           5
   7.55066729      -7.13282585      -12.7508001    
 -0.686706841     -0.726934314       3.16510835E-07
 -0.726934493      0.686706960       1.36409355E-07
  -8.74227766E-08   0.00000000      -1.00000000    
           0           3           3           1
   11.7916565      -5.80476904       12.7507992    
 -0.441662341     -0.897181273       3.06702333E-07
 -0.897181392      0.441662341       1.90868263E-07
  -8.74227766E-08   0.00000000      -1.00000000    
           0           3           3           2
   11.7916555      -5.80476904       6.37539911    
 -0.441662341     -0.897181273       3.06702333E-07
 -0.897181392      0.441662341       1.90868263E-07
  -8.74227766E-08   0.00000000      -1.00000000    
           0           3           3           3
   11.7916546      -5.80476904      -7.66011681E-07
 -0.441662341     -0.897181273       3.06702333E-07
 -0.897181392      0.441662341       1.90868263E-07
  -8.74227766E-08   0.00000000      -1.00000000    
           0           3           3           4
   11.7916546      -5.80476904      -6.37540102    
 -0.441662341     -0.897181273       3.06702333E-07
 -0.897181392      0.441662341       1.90868263E-07
  -8.74227766E-08   0.00000000      -1.00000000    
           0           3           3           5
   11.7916536      -5.80476904      -12.7508011    
 -0.441662341     -0.897181273       3.06702333E-07
 -0.897181392      0.441662341       1.90868263E-07
  -8.74227766E-08   0.00000000      -1.00000000    
           0           3           4           1
   11.5808773      -2.07329631       12.7507992    
 -0.176225647     -0.984349787       2.83325278E-07
 -0.984349787      0.176225752       2.37106832E-07
  -8.74227766E-08   0.00000000      -1.00000000    
           0           3           4           2
   11.5808764      -2.07329631       6.37539864    
 -0.176225647     -0.984349787       2.83325278E-07
 -0.984349787      0.176225752       2.37106832E-07
  -8.74227766E-08   0.00000000      -1.00000000    
           0           3           4           3
   11.5808764      -2.07329631      -1.22769495E-06
 -0.176225647     -0.984349787       2.83325278E-07
 -0.984349787      0.176225752       2.37106832E-07
  -8.74227766E-08   0.00000000      -1.00000000    
           0           3           4           4
   11.5808754      -2.07329631      -6.37540150    
 -0.176225647     -0.984349787       2.83325278E-07
 -0.984349787      0.176225752       2.37106832E-07
  -8.74227766E-08   0.00000000      -1.00000000    
           0           3           4           5
   11.5808754      -2.07329631      -12.7508011    
 -0.176225647     -0.984349787       2.83325278E-07
 -0.984349787      0.176225752       2.37106832E-07
  -8.74227766E-08   0.00000000      -1.00000000    
           0           3           5           1
   10.2886715       1.42584133       12.7507982    
  0.137271792     -0.990533412       2.43025937E-07
 -0.990533412     -0.137271732       2.79027944E-07
  -8.74227766E-08   0.00000000      -1.00000000    
           0           3           5           2
   10.2886715       1.42584133       6.37539864    
  0.137271792     -0.990533412       2.43025937E-07
 -0.990533412     -0.137271732       2.79027944E-07
  -8.74227766E-08   0.00000000      -1.00000000    
           0           3           5           3
   10.2886705       1.42584133      -1.51709924E-06
  0.137271792     -0.990533412       2.43025937E-07
 -0.990533412     -0.137271732       2.79027944E-07
  -8.74227766E-08   0.00000000      -1.00000000    
           0           3           5           4
   10.2886696       1.42584133      -6.37540150    
  0.137271792     -0.990533412       2.43025937E-07
 -0.990533412     -0.137271732       2.79027944E-07
  -8.74227766E-08   0.00000000      -1.00000000    
           0           3           5           5
   10.2886696       1.42584133      -12.7508020    
  0.137271792     -0.990533412       2.43025937E-07
 -0.990533412     -0.137271732       2.79027944E-07
  -8.74227766E-08   0.00000000      -1.00000000    
           0           3           6           1
   11.9067526       5.56486511       12.7507982    
  0.423409045     -0.905938685       1.94410319E-07
 -0.905938566     -0.423409015       3.05457064E-07
  -8.74227766E-08   0.00000000      -1.00000000    
           0           3           6           2
   11.9067516       5.56486511       6.37539768    
  0.423409045     -0.905938685       1.94410319E-07
 -0.905938566     -0.423409015       3.05457064E-07
  -8.74227766E-08   0.00000000      -1.00000000    
           0           3           6           3
   11.9067516       5.56486511      -2.27205237E-06
  0.423409045     -0.905938685       1.94410319E-07
 -0.905938566     -0.423409015       3.05457064E-07
  -8.74227766E-08   0.00000000      -1.00000000    
           0           3           6           4
   11.9067507       5.56486511      -6.37540245    
  0.423409045     -0.905938685       1.94410319E-07
 -0.905938566     -0.423409015       3.05457064E-07
  -8.74227766E-08   0.00000000      -1.00000000    
           0           3           6           5
   11.9067497       5.56486511      -12.7508020    
  0.423409045     -0.905938685       1.94410319E-07
 -0.905938566     -0.423409015       3.05457064E-07
  -8.74227766E-08   0.00000000      -1.00000000    
